                                                                                    --Brookeheven Hub
                                                                                    if game.PlaceId == 4924922222 then
                                                                                        local Library = loadstring(game:HttpGet("https://raw.githubusercontent.com/xHeptc/Kavo-UI-Library/main/source.lua"))()
                                                                                        local Window = Library.CreateLib("Teleport Hub Brookhaven RP", "Sentinel")
                                                                                        local Tab = Window:NewTab("Main")
                                                                                        local MainSection = Tab:NewSection("Main Ui")
                                                                                    --Teleport
                                                                                        MainSection:NewButton("Teleport To Police Staion", "Let To Teleport Police Staion", function()
                                                                                            local TS = game:GetService("TweenService")
                                                                                            local tween = TS:Create(game.Players.LocalPlayer.Character.HumanoidRootPart, TweenInfo.new(2),{CFrame = CFrame.new(-122.116768, 3.4891398, -0.371580929, 0.974451602, 2.05919148e-09, 0.224597499, 1.52636437e-09, 1, -1.57907358e-08, -0.224597499, 1.57301248e-08, 0.974451602)})
                                                                                            tween:Play()
                                                                                        end)
                                                                                        MainSection:NewButton("Teleport To Apartments", "Let To Teleport House Apartments", function()
                                                                                            local TS = game:GetService("TweenService")
                                                                                            local tween = TS:Create(game.Players.LocalPlayer.Character.HumanoidRootPart, TweenInfo.new(2),{CFrame = CFrame.new(-41.3470383, 3.49800324, -114.800255, 0.998705864, 1.60390954e-08, 0.0508591011, -1.4484919e-08, 1, -3.09270476e-08, -0.0508591011, 3.0150332e-08, 0.998705864)})
                                                                                            tween:Play()
                                                                                        end)
                                                                                        MainSection:NewButton("Teleport To Spawn", "Let To Teleport House Spawn", function()
                                                                                            local TS = game:GetService("TweenService")
                                                                                            local tween = TS:Create(game.Players.LocalPlayer.Character.HumanoidRootPart, TweenInfo.new(2),{CFrame = CFrame.new(7.59744835, 3.29800487, -1.22648728, 0.999976397, -1.25540902e-08, -0.00686923135, 1.21908963e-08, 1, -5.29144621e-08, 0.00686923135, 5.28294741e-08, 0.999976397)})
                                                                                            tween:Play()
                                                                                        end)
                                                                                        MainSection:NewButton("Teleport To Hospital", "Let To Teleport House Hospital", function()
                                                                                            local TS = game:GetService("TweenService")
                                                                                            local tween = TS:Create(game.Players.LocalPlayer.Character.HumanoidRootPart, TweenInfo.new(2),{CFrame = CFrame.new(-301.709351, 3.48425269, 20.0384998, -0.997437954, -5.10957499e-10, -0.0715369806, 6.75314527e-11, 1, -8.0841529e-09, 0.0715369806, -8.06827227e-09, -0.997437954)})
                                                                                            tween:Play()
                                                                                        end)
                                                                                        MainSection:NewButton("Teleport To House 1", "Let To Teleport House 1", function()
                                                                                            local TS = game:GetService("TweenService")
                                                                                            local tween = TS:Create(game.Players.LocalPlayer.Character.HumanoidRootPart, TweenInfo.new(2),{CFrame = CFrame.new(-276.955719, 34.0229912, -241.393478, 0.978698432, 1.97709031e-08, -0.205303267, -3.55679823e-08, 1, -7.32546823e-08, 0.205303267, 7.89964645e-08, 0.978698432)})
                                                                                            tween:Play()
                                                                                        end)
                                                                                        MainSection:NewButton("Teleport To Fire Staion", "Let To Teleport House Fire Staion", function()
                                                                                            local TS = game:GetService("TweenService")
                                                                                            local tween = TS:Create(game.Players.LocalPlayer.Character.HumanoidRootPart, TweenInfo.new(2),{CFrame = CFrame.new(-345.43869, 3.49799776, -109.681107, 0.995660841, 4.28837481e-08, 0.0930565819, -4.20897237e-08, 1, -1.04953202e-08, -0.0930565819, 6.53305365e-09, 0.995660841)})
                                                                                            tween:Play()
                                                                                        end)
                                                                                        MainSection:NewButton("Teleport To House 2", "Let To Teleport House 2", function()
                                                                                            local TS = game:GetService("TweenService")
                                                                                            local tween = TS:Create(game.Players.LocalPlayer.Character.HumanoidRootPart, TweenInfo.new(2),{CFrame = CFrame.new(-290.77832, 66.0229797, -450.696533, -0.976544142, -8.30291835e-09, -0.215317205, -2.25629473e-10, 1, -3.75380154e-08, 0.215317205, -3.66089488e-08, -0.976544142)})
                                                                                            tween:Play()
                                                                                        end)
                                                                                        MainSection:NewButton("Teleport To House 3", "Let To Teleport House 3", function()
                                                                                            local TS = game:GetService("TweenService")
                                                                                            local tween = TS:Create(game.Players.LocalPlayer.Character.HumanoidRootPart, TweenInfo.new(2),{CFrame = CFrame.new(253.424484, 34.0229912, 409.886078, -0.0327202454, 4.31547491e-08, 0.999464571, -3.20720339e-08, 1, -4.42278356e-08, -0.999464571, -3.35020047e-08, -0.0327202454)})
                                                                                            tween:Play()
                                                                                        end)
                                                                                        MainSection:NewButton("Teleport To Lake", "Let To Teleport Lake", function()
                                                                                            local TS = game:GetService("TweenService")
                                                                                            local tween = TS:Create(game.Players.LocalPlayer.Character.HumanoidRootPart, TweenInfo.new(2),{CFrame = CFrame.new(-208.619476, 2.99800396, 667.321899, -0.999914348, -3.44008662e-08, -0.0130890906, -3.33453229e-08, 1, -8.08611205e-08, 0.0130890906, -8.04177347e-08, -0.999914348)})
                                                                                            tween:Play()
                                                                                        end)
                                                                                        MainSection:NewButton("Teleport To Gas", "Let To Teleport Gas", function()
                                                                                            local TS = game:GetService("TweenService")
                                                                                            local tween = TS:Create(game.Players.LocalPlayer.Character.HumanoidRootPart, TweenInfo.new(2),{CFrame = CFrame.new(181.74028, 3.3980031, -263.990967, -0.293071151, 2.61432955e-08, 0.956090629, 1.88709248e-09, 1, -2.67655e-08, -0.956090629, -6.03996453e-09, -0.293071151)})
                                                                                            tween:Play()
                                                                                        end)
                                                                                        MainSection:NewButton("Teleport To Bank", "Let To Teleport Bank", function()
                                                                                            local TS = game:GetService("TweenService")
                                                                                            local tween = TS:Create(game.Players.LocalPlayer.Character.HumanoidRootPart, TweenInfo.new(2),{CFrame = CFrame.new(-2.60737085, 3.45800328, 244.529144, -0.960615695, -8.48502211e-08, -0.27788043, -7.52849161e-08, 1, -4.50925945e-08, 0.27788043, -2.23964474e-08, -0.960615695)})
                                                                                            tween:Play()
                                                                                        end)
                                                                                        MainSection:NewButton("Teleport To StarBrooks", "Let To Teleport StarBrooks", function()
                                                                                            local TS = game:GetService("TweenService")
                                                                                            local tween = TS:Create(game.Players.LocalPlayer.Character.HumanoidRootPart, TweenInfo.new(2),{CFrame = CFrame.new(-91.5211029, 3.39800358, 232.199646, -0.687318981, 4.41541346e-08, 0.726355731, -3.91800903e-08, 1, -9.78630084e-08, -0.726355731, -9.57217807e-08, -0.687318981)})
                                                                                            tween:Play()
                                                                                        end)
                                                                                        --WalkSpeed And JumpSpeed
                                                                                        --Tabs
                                                                                        local Tab = Window:NewTab("Player")
                                                                                        --Section
                                                                                        local WalkSpeedSection = Tab:NewSection("WalkSpeed")
                                                                                        WalkSpeedSection:NewSlider("WalkSpeed", "walkspeed makes you faster.", 500, 0, function(s) -- 500 (MaxValue) | 0 (MinValue)
                                                                                            game.Players.LocalPlayer.Character.Humanoid.WalkSpeed = s
                                                                                        end)
                                                                                        --JumpPower
                                                                                        local JumpPowerSection= Tab:NewSection("Jump")
                                                                                        JumpPowerSection:NewSlider("Jump", "jumpower makes you high jupms.", 100, 0, function(s) -- 500 (MaxValue) | 0 (MinValue)
                                                                                            game.Players.LocalPlayer.Character.Humanoid.JumpPower = s
                                                                                        end)
                                                                                        end 
                                                                                        --------------------------PRISON LIFE--------------------------------------------------
                                                                                    if game.PlaceId == 155615604 then
                                                                                        local Library = loadstring(game:HttpGet("https://raw.githubusercontent.com/xHeptc/Kavo-UI-Library/main/source.lua"))()
                                                                                        local Window = Library.CreateLib("Teleport Hub  Prison Life", "Sentinel")
                                                                                        local Tab = Window:NewTab("Main")
                                                                                        local MainSection = Tab:NewSection("Main Ui")
                                                                                        MainSection:NewButton("Teleport To Cafeteria", "Let To Teleport StarBrooks", function()
                                                                                            local TS = game:GetService("TweenService")
                                                                                            local tween = TS:Create(game.Players.LocalPlayer.Character.HumanoidRootPart, TweenInfo.new(2),{CFrame = CFrame.new(918.791748, 101.482613, 2360.47241, -0.896390676, -0.00219680439, -0.443259478, -5.23168319e-06, 0.999987781, -0.00494539319, 0.443264902, -0.00443068752, -0.896379709)})
                                                                                            tween:Play()
                                                                                        end)
                                                                                        MainSection:NewButton("Teleport To Prison Cell", "Let To Teleport Prison Cell", function()
                                                                                            local TS = game:GetService("TweenService")
                                                                                            local tween = TS:Create(game.Players.LocalPlayer.Character.HumanoidRootPart, TweenInfo.new(2),{CFrame = CFrame.new(920.00354, 101.476654, 2438.80835, 0.985054553, 0.00117533235, 0.172238544, -1.07605183e-05, 0.999977112, -0.00676216744, -0.172242552, 0.00665925024, 0.985032022)})
                                                                                            tween:Play()
                                                                                        end)
                                                                                        MainSection:NewButton("Teleport To Yard", "Let To Teleport Yard", function()
                                                                                            local TS = game:GetService("TweenService")
                                                                                            local tween = TS:Create(game.Players.LocalPlayer.Character.HumanoidRootPart, TweenInfo.new(2),{CFrame = CFrame.new(814.44812, 98.1556396, 2419.02148, -0.992570519, 8.65982042e-09, 0.12167076, -3.62190411e-09, 1, -1.00721124e-07, -0.12167076, -1.00413494e-07, -0.992570519)})
                                                                                            tween:Play()
                                                                                            
                                                                                        end)
                                                                                        MainSection:NewButton("Teleport To Crim Base", "Let To Teleport Crim Base", function()
                                                                                            local TS = game:GetService("TweenService")
                                                                                            local tween = TS:Create(game.Players.LocalPlayer.Character.HumanoidRootPart, TweenInfo.new(2),{CFrame = CFrame.new(-920.510193, 95.3262177, 2138.27051, -1.1920929e-07, 0, -1.00000012, 0, 1, 0, 1.00000012, 0, -1.1920929e-07)})
                                                                                            tween:Play()
                                                                                        end)
                                                                                        MainSection:NewButton("Teleport To Police Staion Base", "Let To Teleport Police Staion Base", function()
                                                                                            local TS = game:GetService("TweenService")
                                                                                            local tween = TS:Create(game.Players.LocalPlayer.Character.HumanoidRootPart, TweenInfo.new(2),{CFrame = CFrame.new(857.086731, 101.462524, 2307.84131, 0.00143136957, 0.00719953096, 0.999973059, -1.01090536e-05, 0.999974072, -0.0071995235, -0.999998987, 1.96355813e-07, 0.0014314052)})
                                                                                            tween:Play()
                                                                                        end)
                                                                                        MainSection:NewButton("Teleport To Near Police Staion Base", "Let To Teleport Police Staion Base", function()
                                                                                            local TS = game:GetService("TweenService")
                                                                                            local tween = TS:Create(game.Players.LocalPlayer.Character.HumanoidRootPart, TweenInfo.new(2),{CFrame = CFrame.new(772.365662, 101.489983, 2350.67871, -0.552091539, 2.29767783e-09, -0.833783507, 5.84621995e-09, 1, -1.11536225e-09, 0.833783507, -5.4902638e-09, -0.552091539)})
                                                                                            tween:Play()
                                                                                        end)
                                                                                        --WalkSpeed And JumpSpeed
                                                                                        --Tabs
                                                                                        local Tab = Window:NewTab("Player")
                                                                                        --Section
                                                                                        local WalkSpeedSection = Tab:NewSection("WalkSpeed")
                                                                                        WalkSpeedSection:NewSlider("WalkSpeed", "walkspeed makes you faster.", 500, 0, function(s) -- 500 (MaxValue) | 0 (MinValue)
                                                                                            game.Players.LocalPlayer.Character.Humanoid.WalkSpeed = s
                                                                                        end)
                                                                                        --JumpPower
                                                                                        local JumpPowerSection= Tab:NewSection("Jump")
                                                                                        JumpPowerSection:NewSlider("Jump", "jumpower makes you high jupms.", 100, 0, function(s) -- 500 (MaxValue) | 0 (MinValue)
                                                                                            game.Players.LocalPlayer.Character.Humanoid.JumpPower = s
                                                                                        end)
                                                                                    end
                                
                                                                                    ---------------------------------Greenville----------------------
                                                                                        if game.PlaceId == 891852901 then
                                                                                        local Library = loadstring(game:HttpGet("https://raw.githubusercontent.com/xHeptc/Kavo-UI-Library/main/source.lua"))()
                                                                                        local Window = Library.CreateLib("Teleport Hub  Greenville", "Sentinel")
                                                                                        --Main Tab 
                                                                                        local Tab = Window:NewTab("Main")
                                                                                        local MainSection = Tab:NewSection("Main")
                                                                                        --Function
                                                                                        MainSection:NewButton("Teleport To Spawn", "Let To Teleport Spawn", function()
                                                                                            local TS = game:GetService("TweenService")
                                                                                            local tween = TS:Create(game.Players.LocalPlayer.Character.HumanoidRootPart, TweenInfo.new(2),{CFrame = CFrame.new(-1471.67725, -77.9610138, -11279.9971, 0.990412772, 7.06145453e-09, -0.138139769, -7.65075647e-09, 1, -3.73500031e-09, 0.138139769, 4.75606532e-09, 0.990412772)})
                                                                                            tween:Play()
                                                                                        end)
                                                                                        MainSection:NewButton("Teleport To Gas Burger Haus", "Let To Teleport Gas Burger Haus", function()
                                                                                            local TS = game:GetService("TweenService")
                                                                                            local tween = TS:Create(game.Players.LocalPlayer.Character.HumanoidRootPart, TweenInfo.new(2),{CFrame = CFrame.new(-230.492004, -77.4346085, -10675.7539, 0.672863722, -7.44227213e-09, -0.739766479, 1.685038e-09, 1, -8.52765236e-09, 0.739766479, 4.49141302e-09, 0.672863722)})
                                                                                            tween:Play()
                                                                                        end)
                                                                                        MainSection:NewButton("Teleport To Sahara Hub", "Let To Teleport Sahara Hub", function()
                                                                                            local TS = game:GetService("TweenService")
                                                                                            local tween = TS:Create(game.Players.LocalPlayer.Character.HumanoidRootPart, TweenInfo.new(2),{CFrame = CFrame.new(1157.88477, -78.6020889, -10371.6113, -0.965733647, 5.42964358e-08, -0.259535164, 5.84278403e-08, 1, -8.20426838e-09, 0.259535164, -2.30872175e-08, -0.965733647)})
                                                                                            tween:Play()
                                                                                        end)
                                                                                        MainSection:NewButton("Teleport To Tries Near Just buy", "Let To Teleport Tries Near Just buy", function()
                                                                                            local TS = game:GetService("TweenService")
                                                                                            local tween = TS:Create(game.Players.LocalPlayer.Character.HumanoidRootPart, TweenInfo.new(2),{CFrame = CFrame.new(4025.25903, -78.8158951, -11494.5684, 0.163438752, -1.18294983e-08, 0.98655349, 9.30949451e-09, 1, 1.04484617e-08, -0.98655349, 7.47663087e-09, 0.163438752)})
                                                                                            tween:Play()
                                                                                         end)
                                                                                        
                                                                                        MainSection:NewButton("Teleport To Store Near Just buy", "Let To TeleportStore Near Just buy", function()
                                                                                            local TS = game:GetService("TweenService")
                                                                                            local tween = TS:Create(game.Players.LocalPlayer.Character.HumanoidRootPart, TweenInfo.new(2),{CFrame = CFrame.new(4106.79639, -78.8256378, -11914.6602, 0.197859675, 7.66018999e-08, -0.980230331, 1.00373612e-08, 1, 8.01728817e-08, 0.980230331, -2.57019064e-08, 0.197859675)})
                                                                                            tween:Play()
                                                                                        end)
                                                                                        MainSection:NewButton("Teleport To  Just buy", "Let To Teleport  Just buy", function()
                                                                                            local TS = game:GetService("TweenService")
                                                                                            local tween = TS:Create(game.Players.LocalPlayer.Character.HumanoidRootPart, TweenInfo.new(2),{CFrame = CFrame.new(3987.09277, -78.6678314, -12007.54, 0.997297108, -5.87630211e-08, 0.0734747425, 5.56149011e-08, 1, 4.48922073e-08, -0.0734747425, -4.06845757e-08, 0.997297108)})
                                                                                            tween:Play()
                                                                                        end)
                                                                                        MainSection:NewButton("Teleport To Greenville sporting goods", "Let To Teleport  Greenville sporting goods", function()
                                                                                            local TS = game:GetService("TweenService")
                                                                                            local tween = TS:Create(game.Players.LocalPlayer.Character.HumanoidRootPart, TweenInfo.new(2),{CFrame = CFrame.new(3831.9104, -78.6871414, -11990.4785, 0.99419713, 1.59370774e-08, 0.107573695, -1.72807386e-08, 1, 1.15584315e-08, -0.107573695, -1.33503129e-08, 0.99419713)})
                                                                                            tween:Play()
                                                                                        end)
                                                                                        MainSection:NewButton("Teleport To Burger Knight Gas", "Let To Teleport Burger Knight Gas", function()
                                                                                            local TS = game:GetService("TweenService")
                                                                                            local tween = TS:Create(game.Players.LocalPlayer.Character.HumanoidRootPart, TweenInfo.new(2),{CFrame = CFrame.new(4403.70361, -78.3273926, -11046.7373, 0.123668216, 5.2220603e-08, 0.992323637, -2.7130783e-08, 1, -4.92433969e-08, -0.992323637, -2.08326743e-08, 0.123668216)})
                                                                                            tween:Play()
                                                                                        end)
                                                                                        MainSection:NewButton("Teleport To Airport", "Let To Teleport Airport", function()
                                                                                            local TS = game:GetService("TweenService")
                                                                                            local tween = TS:Create(game.Players.LocalPlayer.Character.HumanoidRootPart, TweenInfo.new(2),{CFrame = CFrame.new(6227.58105, -78.8521271, -10513.2773, -0.943590939, -4.20350545e-08, -0.331113547, -2.75372649e-08, 1, -4.84762523e-08, 0.331113547, -3.66237884e-08, -0.943590939)})
                                                                                            tween:Play()
                                                                                        end)
                                                                                        MainSection:NewButton("Teleport To Hunty's Pizza Palace", "Let To Teleport Hunty's Pizza Palace", function()
                                                                                            local TS = game:GetService("TweenService")
                                                                                            local tween = TS:Create(game.Players.LocalPlayer.Character.HumanoidRootPart, TweenInfo.new(2),{CFrame = CFrame.new(401.132751, -78.8666916, -10789.5771, -0.993468642, 7.75227278e-08, -0.114105567, 7.92899897e-08, 1, -1.09494183e-08, 0.114105567, -1.99253325e-08, -0.993468642)})
                                                                                            tween:Play()
                                                                                        end)
                                                                                        MainSection:NewButton("Teleport To Community First Credit Union ", "Let To Teleport Hunty's Pizza Palace", function()
                                                                                            local TS = game:GetService("TweenService")
                                                                                            local tween = TS:Create(game.Players.LocalPlayer.Character.HumanoidRootPart, TweenInfo.new(2),{CFrame = CFrame.new(230.393677, -78.5113754, -11035.5547, 0.98426789, -5.8756715e-08, -0.176682457, 6.90328577e-08, 1, 5.20148511e-08, 0.176682457, -6.33934434e-08, 0.98426789)})
                                                                                        
                                                                                            tween:Play()
                                                                                        end)
                                                                                        MainSection:NewButton("Teleport To Greenville DMV", "Let To Teleport Greenville DMV", function()
                                                                                            local TS = game:GetService("TweenService")
                                                                                            local tween = TS:Create(game.Players.LocalPlayer.Character.HumanoidRootPart, TweenInfo.new(2),{CFrame = CFrame.new(-1842.99414, -78.4645157, -12720.7754, 0.0524035618, 4.49441977e-08, -0.998625994, 8.21537114e-08, 1, 4.93171051e-08, 0.998625994, -8.46252277e-08, 0.0524035618
                                                                                        )})
                                                                                            tween:Play()
                                                                                        end)
                                                                                        MainSection:NewButton("Teleport To Greenville Motel", "Let To Teleport Greenville Motel", function()
                                                                                            local TS = game:GetService("TweenService")
                                                                                            local tween = TS:Create(game.Players.LocalPlayer.Character.HumanoidRootPart, TweenInfo.new(2),{CFrame = CFrame.new(-2051.28149, -78.8824692, -14698.9385, -0.993015766, -2.81879697e-09, -0.117981941, -1.82258275e-09, 1, -8.55167848e-09, 0.117981941, -8.27691871e-09, -0.993015766)})
                                                                                            tween:Play()
                                                                                        end)
                                                                                        MainSection:NewButton("Teleport To Greenville Square", "Let To Teleport Greenville Square", function()
                                                                                            local TS = game:GetService("TweenService")
                                                                                            local tween = TS:Create(game.Players.LocalPlayer.Character.HumanoidRootPart, TweenInfo.new(2),{CFrame = CFrame.new(-448.824036, -89.5331802, -7620.41992, -0.154322848, 1.6854397e-08, 0.98802048, -4.44158221e-09, 1, -1.77525017e-08, -0.98802048, -7.12799064e-09, -0.154322848
                                                                                        )})
                                                                                            tween:Play()
                                                                                        end)
                                                                                        MainSection:NewButton("Teleport To Fox Mountain Bank", "Let To Teleport Fox Mountain Bank", function()
                                                                                            local TS = game:GetService("TweenService")
                                                                                            local tween = TS:Create(game.Players.LocalPlayer.Character.HumanoidRootPart, TweenInfo.new(2),{CFrame = CFrame.new(-366.724457, -91.9711533, -7185.3208, -0.206350699, -1.89876506e-08, 0.978478074, 2.50271253e-08, 1, 2.46832457e-08, -0.978478074, 2.95818996e-08, -0.206350699
                                                
                                                                                        )})
                                                                                            tween:Play() 
                                                                                    end)
                                                                                    
                                                                                MainSection:NewButton("Teleport To Lake House", "Let To Teleport Lake House", function()
                                                                                    local TS = game:GetService("TweenService")
                                                                                    local tween = TS:Create(game.Players.LocalPlayer.Character.HumanoidRootPart, TweenInfo.new(2),{CFrame = CFrame.new(-1017.38898, -87.8833542, -4657.71777, -0.778098226, 7.60792744e-08, 0.628142595, 8.24233197e-08, 1, -1.90177047e-08, -0.628142595, 3.69759583e-08, -0.778098226
                                                
                                                                                )})
                                                                                    tween:Play() 
                                                                            end)
                                                                            MainSection:NewButton("Teleport To Near Lake House", "Let To Teleport Near Lake House", function()
                                                                                local TS = game:GetService("TweenService")
                                                                                local tween = TS:Create(game.Players.LocalPlayer.Character.HumanoidRootPart, TweenInfo.new(2),{CFrame = CFrame.new(-21.6720219, -89.7398071, -4430.73486, -0.40892598, 5.92097704e-09, 0.912567556, -2.54931134e-08, 1, -1.79118498e-08, -0.912567556, -3.05888079e-08, -0.40892598
                                                
                                                                            )})
                                                                                tween:Play() 
                                                                        end)
                                                                        MainSection:NewButton("Teleport To Gas Near Greenville park", "Let To Teleport Gas Near Greenville park", function()
                                                                            local TS = game:GetService("TweenService")
                                                                            local tween = TS:Create(game.Players.LocalPlayer.Character.HumanoidRootPart, TweenInfo.new(2),{CFrame = CFrame.new(370.648499, -112.022026, -2113.0708, 0.989072382, -9.05336179e-08, 0.147430629, 8.89807197e-08, 1, 1.71283805e-08, -0.147430629, -3.82272569e-09, 0.989072382
                                                
                                                                        )})
                                                                            tween:Play() 
                                                                    end)
                                                                    MainSection:NewButton("Teleport To Twice Near Super Wich", "Let To Teleport Twice Near Super Wich", function()
                                                                        local TS = game:GetService("TweenService")
